===== DECODER IMAGE INFORMATION =====
width=512
height=512
block_count=4096
selected_block_index=0
selected_block_top_left=(y=0, x=0)

===== DECODER HEADER =====
valid_payload_bits=219544

===== DECODER DECODED VALUE / EOB TOKENS =====
token[00]=VALUE(16) category=5 bits=0:8
token[01]=VALUE(0) category=0 bits=8:10
token[02]=VALUE(1) category=1 bits=10:14
token[03]=EOB                    bits=14:23 prefix=111111111

===== DECODER DECODED ZIGZAG COEFFICIENTS =====
[16,  0,  1,  0,  0,  0,  0,  0,  0,  0,  0,  0,  0,  0,  0,  0,  0,  0,  0,  0,  0,  0,  0,  0,  0,  0,  0,  0,  0,  0,  0,  0,  0,  0,  0,
  0,  0,  0,  0,  0,  0,  0,  0,  0,  0,  0,  0,  0,  0,  0,  0,  0,  0,  0,  0,  0,  0,  0,  0,  0,  0,  0,  0,  0]

===== DECODER INVERSE ZIGZAG QUANTIZED COEFFICIENTS =====
[[16,  0,  0,  0,  0,  0,  0,  0],
 [ 1,  0,  0,  0,  0,  0,  0,  0],
 [ 0,  0,  0,  0,  0,  0,  0,  0],
 [ 0,  0,  0,  0,  0,  0,  0,  0],
 [ 0,  0,  0,  0,  0,  0,  0,  0],
 [ 0,  0,  0,  0,  0,  0,  0,  0],
 [ 0,  0,  0,  0,  0,  0,  0,  0],
 [ 0,  0,  0,  0,  0,  0,  0,  0]]

===== DECODER DEQUANTIZED DCT COEFFICIENTS =====
[[256.,   0.,   0.,   0.,   0.,   0.,   0.,   0.],
 [ 12.,   0.,   0.,   0.,   0.,   0.,   0.,   0.],
 [  0.,   0.,   0.,   0.,   0.,   0.,   0.,   0.],
 [  0.,   0.,   0.,   0.,   0.,   0.,   0.,   0.],
 [  0.,   0.,   0.,   0.,   0.,   0.,   0.,   0.],
 [  0.,   0.,   0.,   0.,   0.,   0.,   0.,   0.],
 [  0.,   0.,   0.,   0.,   0.,   0.,   0.,   0.],
 [  0.,   0.,   0.,   0.,   0.,   0.,   0.,   0.]]

===== DECODER AFTER COLUMN-WISE 1D IDCT =====
[[96.3944,  0.0000,  0.0000,  0.0000,  0.0000,  0.0000,  0.0000,  0.0000],
 [95.4985,  0.0000,  0.0000,  0.0000,  0.0000,  0.0000,  0.0000,  0.0000],
 [93.8431,  0.0000,  0.0000,  0.0000,  0.0000,  0.0000,  0.0000,  0.0000],
 [91.6802,  0.0000,  0.0000,  0.0000,  0.0000,  0.0000,  0.0000,  0.0000],
 [89.3391,  0.0000,  0.0000,  0.0000,  0.0000,  0.0000,  0.0000,  0.0000],
 [87.1762,  0.0000,  0.0000,  0.0000,  0.0000,  0.0000,  0.0000,  0.0000],
 [85.5209,  0.0000,  0.0000,  0.0000,  0.0000,  0.0000,  0.0000,  0.0000],
 [84.6250,  0.0000,  0.0000,  0.0000,  0.0000,  0.0000,  0.0000,  0.0000]]

===== DECODER INVERSE DCT + LEVEL SHIFT =====
[[162.0806, 162.0806, 162.0806, 162.0806, 162.0806, 162.0806, 162.0806, 162.0806],
 [161.7638, 161.7638, 161.7638, 161.7638, 161.7638, 161.7638, 161.7638, 161.7638],
 [161.1785, 161.1785, 161.1785, 161.1785, 161.1785, 161.1785, 161.1785, 161.1785],
 [160.4138, 160.4138, 160.4138, 160.4138, 160.4138, 160.4138, 160.4138, 160.4138],
 [159.5862, 159.5862, 159.5862, 159.5862, 159.5862, 159.5862, 159.5862, 159.5862],
 [158.8215, 158.8215, 158.8215, 158.8215, 158.8215, 158.8215, 158.8215, 158.8215],
 [158.2362, 158.2362, 158.2362, 158.2362, 158.2362, 158.2362, 158.2362, 158.2362],
 [157.9194, 157.9194, 157.9194, 157.9194, 157.9194, 157.9194, 157.9194, 157.9194]]

===== DECODER OUTPUT BLOCK =====
[[162, 162, 162, 162, 162, 162, 162, 162],
 [162, 162, 162, 162, 162, 162, 162, 162],
 [161, 161, 161, 161, 161, 161, 161, 161],
 [160, 160, 160, 160, 160, 160, 160, 160],
 [160, 160, 160, 160, 160, 160, 160, 160],
 [159, 159, 159, 159, 159, 159, 159, 159],
 [158, 158, 158, 158, 158, 158, 158, 158],
 [158, 158, 158, 158, 158, 158, 158, 158]]

===== DECODER SELECTED BLOCK BITS =====
start_bit=0
end_bit=23
bit_count=23

===== DECODER BIT COUNTS =====
header_bits=32
valid_payload_bits=219544
final_padding_bits=0
total_bits=219576
file_size_bytes=27447
